[Command: python -u 'C:\Users\Cooper Meitz\Documents\School\capstone-master\PythonAttempt\DNA-Test.py']
0
-11.6173517727
1
0.182215137866
2
6.38775665015
3
12.7662688226
4
16.2322901861
5
19.3398476906
6
19.7939942443
7
25.623343817
8
25.7136817392
9
29.306275449
10
29.5810416434
11
31.2169327214
12
34.8878264703
13
35.1025069705
14
39.3624188756
15
36.589810585
16
35.6719726758
17
34.1416351464
18
38.7181730343
19
11.020644703
20
35.204274259
21
40.8351871
22
41.5458978083
23
75.5481896455
24
171.979760475
25
186.029086012
26
11.0616023595
27
37.2171141143
28
12.3683316848
29
12.6250922882
30
10.6395153944
31
7.29544325948
32
30.6547451643
33
202.135407201
34
12.554530668
35
17.5408046775
36
141.910420783
37
7.7398151444
38
32.6275680391
39
16.0108773072
40
8.60328899087
41
43.3447566946
42
206.859771859
43
12.5530395498
44
14.6366999881
45
12.8476967183
46
12.629574837
47
154.770577189
48
234.511536985
49
13.5511598758
50
242.796144017
51
250.337011512
52
235.705661567
53
14.0647206071
54
7.65558240833
55
43.5106044465
56
257.510575431
57
14.3288112996
58
264.327544715
59
268.789916318
60
243.411143192
61
121.246450792
62
254.148984599
63
13.5370212894
64
248.608509992
65
14.8686581708
66
13.6354567216
67
14.0851020693
68
13.5095159305
69
14.1697071498
70
10.5444467347
71
16.4214344866
72
7.22393974649
73
33.2918329902
74
16.3973162478
75
244.320757397
76
14.3583943356
77
13.7833804292
78
16.3577724106
79
254.910691118
80
14.5310046633
81
16.1896249296
82
16.3095434268
83
14.4792657581
84
7.0297694863
85
53.2049800836
86
256.040972675
87
13.5809580383
88
7.28808156578
89
51.7434056278
90
16.0173734909
91
7.06042170757
92
44.8656102572
93
13.3051076142
94
197.320239449
95
261.619882953
96
268.557668503
97
7.24849200819
98
61.4884626073
99
277.674467097
[Finished in 55.273s]
