[Command: python -u 'C:\Users\Cooper Meitz\Documents\School\capstone-master\PythonAttempt\DNA-Test.py']
0
-10.3820305561
1
-2.26692762812
2
6.21936264049
3
6.93627998709
4
10.4895197485
5
12.7896823722
6
17.584629061
7
19.8141952646
8
21.6709374767
9
25.9161637436
10
25.3559967946
11
31.4752290662
12
37.162017891
13
37.9496437289
14
36.8790425661
15
36.8275589912
16
39.311120913
17
39.6155057874
18
38.2239136941
19
38.1256519746
20
27.5068957949
21
36.2712713318
22
35.337467569
23
10.8464198957
24
39.5891955873
25
44.7444340641
26
149.606950497
27
15.3527034762
28
6.36239696438
29
37.1279169043
30
11.9747753539
31
15.430930719
32
159.240861671
33
179.137437005
34
6.63148144582
35
38.7981682384
36
6.6912714503
37
32.9689653983
38
12.1757692133
39
23.8661978098
40
28.9057170224
41
15.454109242
42
12.5782526922
43
12.5033266147
44
13.2077050284
45
7.30860276949
46
29.1078597646
47
33.1798482005
48
14.1619872534
49
12.0976108211
50
30.4738898954
51
15.7458004493
52
11.6446778462
53
42.8789365132
54
63.2888808341
55
41.3118790181
56
9.52845769222
57
27.6054651918
58
29.2967856657
59
14.2736813638
60
5.53775209572
61
28.4238037613
62
5.66272068593
63
26.1600107505
64
111.098910111
65
14.1605768112
66
137.581475289
67
15.3737397805
68
15.4977625817
69
7.96085996019
70
32.8023056121
71
10.9184850033
72
43.2169030983
73
14.1586318248
74
15.6199365503
75
6.52689235734
76
32.5850892294
77
54.9453127026
78
66.2048244838
79
117.946583039
80
9.26959243474
81
50.1539385685
82
143.470703081
83
6.92339707492
84
40.3259866612
85
13.9528124659
86
13.9555867404
87
15.2747974489
88
15.2650975874
89
15.2345453531
90
15.3065979258
91
10.2129392803
92
20.9070393728
93
162.023595268
94
43.6383642245
95
14.0897809799
96
15.2017689271
97
14.0599093479
98
5.70529419166
99
29.0131842611
[Finished in 40.316s]
